shape = (12, 3)
array = [[  0.89836066 -10.0852459   -4.60163934]
 [ -0.11261261 -10.72882883  -5.42432432]
 [  5.02822581  -6.46532258  -0.71129032]
 [ 12.555       -0.59916667   5.99916667]
 [ 17.10683761   3.6974359   10.42820513]
 [ 21.4612069    8.97758621  15.24310345]
 [ 25.02540984  11.47868852  18.27459016]
 [ 23.31652893  10.26859504  16.81487603]
 [ 17.85299145   5.23333333  11.56410256]
 [ 12.4965812    0.33162393   6.43504274]
 [  3.98611111  -6.98819444  -1.50555556]
 [ -0.78466667 -11.03266667  -5.92      ]]
shape = (12, 3)
array = [[ -4.27786885 -15.48442623  -9.90081967]
 [ -4.68108108 -15.72522523 -10.22342342]
 [  1.77903226  -9.32096774  -3.77822581]
 [ 10.85916667  -2.90833333   3.9925    ]
 [ 17.98205128   1.84700855   9.93589744]
 [ 21.82931034   7.31206897  14.59310345]
 [ 24.02786885   9.77786885  16.92868852]
 [ 23.15619835   7.53471074  15.37024793]
 [ 17.62564103   2.63247863  10.15641026]
 [ 10.8982906   -2.22222222   4.35042735]
 [ -0.03472222 -10.12152778  -5.09236111]
 [ -4.90866667 -15.40466667 -10.178     ]]
shape = (12, 3)
array = [[ 7.45737705  1.31557377  4.40819672]
 [ 8.62072072  1.95045045  5.30630631]
 [11.00403226  3.97096774  7.51370968]
 [14.1875      5.2575      9.74833333]
 [18.39059829  8.65982906 13.54957265]
 [21.22758621 10.93706897 16.10948276]
 [23.2942623  12.64672131 17.9942623 ]
 [23.44297521 12.51239669 18.00247934]
 [19.69059829  9.77777778 14.75897436]
 [15.14529915  7.46752137 11.33076923]
 [10.25902778  3.44236111  6.87847222]
 [ 7.264       1.22733333  4.26666667]]
shape = (12, 3)
array = [[ -7.94344262 -18.77540984 -13.38196721]
 [ -8.21531532 -18.77657658 -13.52252252]
 [  0.26774194  -9.83870968  -4.79193548]
 [ 10.79583333  -2.275        4.2725    ]
 [ 19.13760684   3.63846154  11.41367521]
 [ 23.13448276   9.18189655  16.18534483]
 [ 25.96721311  11.99754098  19.01147541]
 [ 24.47438017  10.51157025  17.51818182]
 [ 19.42905983   5.02905983  12.25384615]
 [ 10.97008547  -0.54871795   5.22735043]
 [ -0.92777778  -9.89027778  -5.42083333]
 [ -6.50266667 -15.31466667 -10.934     ]]
 20.398360655737704  20.787387387387387  30.428225806451614  15.344999999999999  16.806837606837604  10.638793103448279  11.125409836065577  11.516528925619834  15.65299145299145  12.696581196581196  22.18611111111111  24.415333333333333 
 19.722131147540985  17.218918918918916  26.279032258064515  15.440833333333332  15.88205128205128  10.929310344827583  10.427868852459023  10.456198347107438  14.974358974358978  14.401709401709404  20.634722222222223  21.891333333333336 
 7.642622950819672  9.32072072072072  7.904032258064516  10.412500000000001  8.909401709401706  9.172413793103445  8.105737704918027  8.957024793388427  11.509401709401708  5.354700854700855  10.85902777777778  8.436 
 20.456557377049176  15.715315315315314  25.067741935483873  17.00416666666667  14.037606837606836  10.834482758620688  9.832786885245898  13.174380165289257  13.270940170940172  15.22991452991453  22.572222222222223  20.597333333333335 
 16.18524590163934  18.87117117117117  23.934677419354838  10.600833333333332  9.697435897435899  8.32241379310345  5.4213114754098335  7.368595041322314  7.566666666666668  10.768376068376067  18.31180555555556  20.267333333333333 
 22.8155737704918  19.874774774774774  29.679032258064517  18.891666666666666  10.947008547008547  7.587931034482761  6.8221311475409845  10.265289256198347  8.532478632478632  9.377777777777776  24.67847222222222  19.79533333333334 
 8.084426229508196  9.35045045045045  6.170967741935484  5.9425  6.159829059829059  5.462931034482757  4.153278688524589  5.087603305785125  7.422222222222221  6.2675213675213675  9.942361111111111  7.727333333333333 
 18.82459016393443  19.07657657657658  26.36129032258065  13.424999999999999  9.661538461538463  8.181896551724135  7.597540983606557  8.711570247933883  11.17094017094017  10.048717948717949  22.509722222222223  21.185333333333332 
 17.298360655737703  19.875675675675677  27.188709677419354  12.099166666666665  11.628205128205126  7.7568965517241395  6.774590163934423  9.41487603305785  10.764102564102563  9.964957264957263  19.594444444444445  22.28 
 19.99918032786885  16.67657657657658  28.02177419354839  16.892500000000002  11.464102564102562  7.0068965517241395  6.2286885245901615  7.829752066115702  8.056410256410254  10.64957264957265  22.00763888888889  20.322 
 7.7918032786885245  7.806306306306308  5.813709677419355  7.751666666666665  5.449572649572648  6.59051724137931  4.50573770491803  6.997520661157022  8.14102564102564  5.630769230769229  9.578472222222222  7.466666666666667 
 18.718032786885246  17.022522522522525  25.70806451612903  13.627499999999998  10.886324786324787  7.885344827586206  7.788524590163934  7.818181818181817  11.346153846153848  12.67264957264957  22.579166666666666  20.766 
